3.28554e+08
2.97285e+08
3.08195e+08
3.01177e+08
3.0842e+08
3.12837e+08
3.19292e+08
3.19062e+08
2.99211e+08
3.0489e+08
3.16065e+08
3.0999e+08
2.98119e+08
3.07292e+08
3.06637e+08
2.98999e+08
3.04606e+08
2.82814e+08
3.02269e+08
2.85452e+08
2.96008e+08
3.04235e+08
3.0074e+08
3.17616e+08
2.94731e+08
2.93242e+08
2.9239e+08
2.87985e+08
2.94731e+08
3.00051e+08
2.79686e+08
2.96492e+08
2.9172e+08
2.87034e+08
2.77829e+08
2.86629e+08
2.72912e+08
3.04671e+08
2.85415e+08
2.76643e+08
2.89499e+08
2.87773e+08
2.86087e+08
2.93795e+08
2.90668e+08
2.90861e+08
2.91633e+08
2.89206e+08
2.70867e+08
2.81616e+08
2.85665e+08
2.96601e+08
2.92135e+08
2.97075e+08
2.97575e+08
3.02823e+08
3.00774e+08
2.96601e+08
2.89028e+08
2.967e+08
Media pesata = 2.94804e+08
Errore media  = 1.1447e+06
T student  = 4.35823
GDL = 58
